2,13
2,12
2,11
2,10
2,9
2,8
2,5
2,4
2,2
1,8
1,7
1,6
1,5
1,2
0,511
0,498
0,487
0,481
0,479
0,474
0,463
0,462
0,459
0,458
0,457
0,456
0,454
0,451
0,449
0,448
0,447
0,445
0,443
0,442
0,433
0,427
0,426
0,424
0,420
0,419
0,418
0,417
0,416
0,415
0,414
0,413
0,412
0,411
0,410
0,409
0,408
0,407
0,406
0,405
0,404
0,402
0,401
0,396
0,381
0,380
0,376
0,375
0,374
0,365
0,364
0,360
0,359
0,354
0,348
0,326
0,322
0,318
0,315
0,243
504,48
504,1
504,3
0,391
0,378
504,0
0,345
2,6
2,29
1,1
2,73
1,4
1,3
1,0
2,1
2,7
2,3
2,0
0,344
0,9
0,310
0,305
0,328
0,327
0,488
0,464
0,455
0,450
0,446
0,431
0,422
0,423
0,453
0,400
0,478
0,421
0,461
0,460
0,350
0,308
0,304
0,303
0,302
0,307
0,444
0,12
0,373
0,10
0,452
0,8
0,0
0,505
0,300
0,385
0,299
0,486
0,298
0,382
0,297
0,436
0,296
0,320
0,295
0,509
0,294
0,332
0,293
0,358
0,292
0,392
0,291
0,480
0,290
0,330
0,289
0,502
0,288
0,287
0,357
0,286
0,379
0,285
0,371
0,284
0,471
0,283
0,470
0,282
0,356
0,281
0,355
0,280
0,279
0,353
0,278
0,465
0,277
0,403
0,276
2,14
2,15
2,17
2,18
2,19
2,20
4,1
2,22
2,23
2,25
2,26
2,28
2,31
2,32
2,34
2,35
2,65
2,66
2,68
2,70
2,71
2,74
2,75
2,77
2,79
2,80
2,82
2,83
2,85
2,86
2,88
2,90
2,91
2,93
2,94
2,96
2,98
2,99
2,101
2,102
2,104
2,105
2,107
2,109
2,110
2,112
2,113
2,115
2,117
2,118
2,120
2,128
3,1
3,3
3,4
3,6
4,2
24,1
24,2
24,4
24,6
24,7
24,9
25,0
25,2
25,4
25,5
25,7
25,8
25,10
25,11
25,13
25,15
25,16
25,18
25,19
25,21
25,23
26,0
26,2
26,3
26,5
26,6
26,8
26,10
26,11
26,13
26,14
26,16
26,18
26,19
26,21
27,0
27,2
27,4
27,5
27,7
27,8
27,10
27,11
27,13
27,15
27,16
27,18
27,19
27,21
27,23
27,24
28,0
28,1
28,3
28,4
28,6
29,0
29,1
29,3
29,4
30,1
30,3
30,4
30,6
31,0
31,2
31,3
32,0
32,2
32,3
32,5
32,6
32,8
33,1
33,2
33,4
33,5
33,7
34,0
34,2
34,4
34,5
35,1
35,2
35,4
35,6
35,7
36,1
36,2
36,4
36,6
36,7
36,9
37,0
37,2
37,3
37,5
38,1
38,2
38,4
39,0
39,2
39,4
40,0
40,2
40,3
40,5
41,0
41,2
41,4
41,5
42,1
42,2
42,4
43,0
43,1
43,3
43,4
43,6
43,7
43,9
43,11
43,12
43,14
43,15
44,1
44,3
44,4
45,1
45,2
45,4
45,6
45,7
46,0
46,1
46,3
47,0
47,2
47,4
48,0
48,2
48,3
48,5
49,0
49,1
49,3
49,4
49,6
49,7
50,1
50,3
50,4
50,6
51,0
51,2
51,4
51,5
51,7
52,0
52,2
52,3
52,5
53,1
53,2
53,4
53,5
54,1
54,3
54,4
54,6
55,0
55,2
55,3
55,5
56,1
56,2
56,4
56,5
57,0
57,2
57,3
57,5
57,6
58,1
58,3
58,4
58,6
59,0
59,2
59,3
60,0
60,2
60,3
61,0
61,1
61,3
61,5
61,6
61,8
62,0
62,2
62,3
62,5
62,7
62,8
62,10
62,11
62,13
62,15
62,16
62,18
63,0
63,2
63,3
63,5
64,1
64,2
64,4
64,5
65,0
65,2
65,3
66,0
66,1
66,3
67,0
67,1
67,3
67,4
67,6
67,7
68,0
68,2
68,3
68,5
68,6
69,1
69,3
69,4
69,6
70,0
70,2
70,3
70,5
71,0
71,1
71,3
71,4
71,6
72,0
72,1
72,3
72,4
72,6
72,7
73,1
73,3
73,4
73,6
73,7
74,1
74,3
74,4
74,6
74,7
75,0
75,2
75,3
75,5
76,0
76,2
76,3
76,5
77,0
77,1
77,3
78,0
78,2
78,4
78,5
78,7
78,8
78,10
78,11
79,1
79,3
79,4
79,6
80,0
80,2
80,4
80,5
81,0
81,1
81,3
81,4
81,6
82,1
82,2
82,4
82,5
83,0
83,2
83,3
83,5
83,6
83,8
83,9
84,0
84,2
84,3
84,5
84,6
84,8
84,10
84,11
84,13
84,14
84,16
84,18
84,19
84,21
84,22
84,24
84,25
84,27
84,29
84,30
84,32
84,33
84,35
84,37
84,38
84,40
84,41
85,1
85,2
85,4
85,6
86,0
86,2
86,3
86,5
87,1
87,2
88,0
88,1
88,3
89,0
89,2
89,4
90,0
90,2
90,3
90,5
90,7
91,0
91,2
91,3
91,5
91,7
92,0
92,2
92,3
92,5
92,6
93,1
93,3
93,4
94,0
94,1
94,3
94,5
94,6
95,1
95,2
95,4
95,5
96,0
96,2
96,3
97,0
97,1
97,3
98,0
98,1
98,3
98,4
99,1
99,2
99,4
99,6
99,7
100,1
100,2
100,4
100,6
101,0
101,2
101,3
102,0
102,1
102,3
103,1
103,2
104,0
104,1
104,3
105,0
105,1
105,3
106,0
106,2
106,4
107,0
107,2
107,3
108,0
108,1
108,3
109,0
109,1
109,3
109,4
110,1
110,3
111,0
111,2
111,3
112,1
112,2
112,4
113,1
113,2
113,4
114,0
114,2
114,4
115,0
115,2
115,3
116,0
116,1
116,3
117,0
117,1
117,3
117,4
118,1
118,3
118,4
119,0
119,1
119,3
119,5
119,6
120,0
120,1
120,3
120,4
120,6
121,1
121,2
121,4
121,5
122,1
122,3
122,4
122,6
122,7
122,9
122,10
122,12
123,1
123,2
123,4
123,5
123,7
123,9
124,0
124,2
124,3
124,5
124,6
124,8
125,0
125,1
125,3
125,4
125,6
125,8
125,9
126,1
126,2
126,4
126,5
126,7
126,9
126,10
127,0
127,1
127,3
127,5
127,6
127,8
127,9
127,11
128,0
128,1
128,3
128,4
129,1
129,2
129,4
129,6
130,0
130,2
130,3
131,1
131,3
131,4
132,0
132,1
132,3
132,4
132,6
133,0
133,1
133,3
133,4
134,1
134,3
134,4
134,6
134,7
135,1
135,2
135,4
136,0
136,1
136,3
136,4
137,0
137,2
137,3
137,5
137,6
138,1
138,3
138,4
139,0
139,1
139,3
139,4
140,1
140,3
140,4
140,6
141,0
141,2
141,4
141,5
142,1
142,2
142,4
143,0
143,2
143,4
143,5
144,1
144,2
144,4
145,0
145,1
145,3
146,0
146,2
146,3
146,5
147,1
147,2
147,4
147,5
148,1
148,3
148,4
149,0
149,1
149,3
149,5
150,0
150,2
150,3
151,0
151,1
151,3
152,1
152,2
152,4
152,5
152,7
152,9
152,10
153,1
153,2
153,4
153,5
154,1
154,3
154,4
155,0
155,1
155,3
156,1
156,2
157,0
157,1
157,3
158,0
158,2
158,4
159,0
159,2
159,3
160,0
160,2
160,3
160,5
160,6
161,1
161,2
161,4
161,6
162,0
162,2
162,3
162,5
163,1
163,2
163,4
164,0
164,2
164,4
164,5
164,7
164,8
164,10
164,11
164,13
164,15
164,16
165,1
165,2
165,4
165,6
165,7
166,1
166,2
166,4
166,5
167,1
167,3
167,4
167,6
167,7
168,0
168,2
168,3
168,5
169,0
169,2
169,3
170,0
170,2
170,3
170,5
170,6
171,1
171,3
172,0
172,2
172,3
173,1
173,3
173,4
173,6
173,7
174,1
174,2
174,4
175,0
175,1
175,3
175,4
175,6
176,1
176,2
177,0
177,1
177,3
177,4
178,0
178,2
178,3
178,5
178,6
179,0
179,2
179,3
179,5
180,0
180,2
180,3
181,1
181,3
181,4
181,6
181,7
182,1
182,3
182,4
182,6
183,0
183,2
183,3
184,0
184,2
184,3
184,5
184,6
185,1
185,3
185,4
185,6
186,0
186,2
186,4
187,0
187,2
187,3
187,5
187,6
188,0
188,2
188,3
188,5
188,6
189,1
189,3
189,4
189,6
189,7
190,1
190,2
190,4
191,1
191,2
191,4
191,5
192,1
192,3
192,4
193,1
193,2
193,4
193,5
194,0
194,2
194,3
194,5
194,6
195,1
195,3
195,4
195,6
196,0
196,2
196,4
197,0
197,2
197,3
197,5
197,6
198,1
198,3
198,4
199,1
199,2
199,4
200,0
200,1
200,3
200,4
201,0
201,1
201,3
202,0
202,1
202,3
202,4
203,0
203,2
203,3
204,0
204,1
204,3
204,4
205,0
205,2
205,3
206,0
206,1
206,3
207,0
207,1
207,3
207,4
207,6
207,7
208,1
208,3
208,4
208,6
209,0
209,2
210,0
210,1
210,3
210,4
211,0
211,2
211,3
211,5
212,0
212,2
212,3
213,1
213,3
213,4
214,1
214,2
214,4
215,1
215,2
215,4
216,0
216,2
216,3
217,0
217,2
217,3
218,0
218,1
218,3
219,0
219,1
219,3
219,4
220,0
220,1
220,3
220,5
220,6
221,0
221,1
221,3
222,0
222,1
222,3
223,0
223,2
223,4
224,0
224,2
224,3
224,5
225,0
225,2
225,4
225,5
226,0
226,1
226,3
227,0
227,1
227,3
227,4
228,1
228,2
228,4
228,6
229,0
229,2
229,3
229,5
230,1
230,2
230,4
230,5
231,1
231,2
231,4
231,6
232,0
232,2
232,3
232,5
233,1
233,2
233,4
233,5
234,0
234,2
234,3
235,0
235,1
235,3
235,4
235,6
236,1
236,2
236,4
236,5
237,1
237,3
237,4
237,6
238,0
238,2
238,3
238,5
239,1
239,2
239,4
239,5
240,1
240,3
240,4
240,6
240,7
240,9
241,0
241,2
241,4
242,0
242,2
242,3
242,5
243,1
243,2
243,4
244,0
244,2
244,3
244,5
245,1
245,2
245,4
246,0
246,2
246,4
246,5
246,7
246,8
247,1
247,3
248,0
248,2
248,3
249,0
249,1
249,3
249,5
249,6
250,0
250,1
250,3
251,0
251,1
251,3
251,4
251,6
252,0
252,2
252,4
252,5
253,0
253,1
253,3
253,5
253,6
254,1
254,2
254,4
254,5
255,0
255,2
255,3
255,5
255,6
256,1
256,3
256,4
256,6
256,7
257,1
257,3
258,0
258,2
258,3
259,0
259,1
259,3
260,0
260,1
260,3
260,4
261,1
261,3
261,4
262,0
262,1
262,3
262,4
263,0
263,2
263,3
264,0
264,1
264,3
265,0
265,1
265,3
265,4
266,0
266,1
266,3
267,0
267,1
267,3
267,4
268,1
268,3
268,4
269,1
269,2
269,4
269,5
270,0
270,2
270,3
271,0
271,1
271,3
272,0
272,1
272,3
272,4
273,1
273,3
273,4
274,1
274,2
274,4
275,0
275,2
275,4
276,0
276,2
276,3
277,0
277,2
277,3
278,0
278,1
278,3
278,4
279,1
279,3
279,4
280,1
280,2
280,4
281,1
281,2
281,4
282,0
282,2
282,3
283,0
283,2
283,3
283,5
284,0
284,2
284,4
285,0
285,2
285,3
285,5
286,1
286,2
286,4
287,0
287,2
287,3
288,0
288,2
288,3
289,0
289,1
289,3
289,5
290,0
290,2
290,3
290,5
290,6
290,8
291,1
291,2
291,4
291,5
291,7
292,1
292,2
292,4
292,5
292,7
293,0
293,2
293,4
293,5
294,1
294,2
294,4
294,6
295,0
295,2
295,3
295,5
295,6
296,1
296,3
296,4
297,1
297,2
297,4
297,6
297,7
298,1
298,2
298,4
299,0
299,1
299,3
300,0
300,2
300,3
300,5
300,7
301,0
301,2
301,3
301,5
301,7
302,0
302,2
302,3
303,1
303,2
303,4
304,1
304,2
304,4
305,0
305,2
305,4
305,5
305,7
306,0
306,2
306,3
306,5
306,7
307,0
307,2
307,3
307,5
307,7
308,0
308,2
308,3
309,0
309,2
309,3
310,0
310,1
310,3
310,4
310,6
311,1
311,2
311,4
312,0
312,2
312,4
312,5
313,1
313,2
313,4
314,0
314,2
314,4
314,5
315,1
315,2
315,4
316,1
316,2
316,4
317,0
317,2
317,3
317,5
318,1
318,2
318,4
318,5
319,1
319,3
319,4
320,0
320,1
320,3
320,5
320,6
321,1
321,2
321,4
321,5
322,0
322,2
322,3
322,5
323,0
323,2
323,4
324,0
324,2
324,3
325,0
325,1
325,3
325,5
325,6
326,1
326,2
326,4
326,6
326,7
326,9
327,0
327,2
327,3
327,5
328,0
328,1
328,3
328,4
328,6
329,1
329,2
329,4
329,5
330,0
330,1
330,3
330,5
330,6
331,0
331,1
331,3
332,0
332,1
332,3
332,4
332,6
333,0
333,1
333,3
333,4
333,6
334,0
334,2
334,4
335,0
335,2
335,3
335,5
336,0
336,1
336,3
336,4
337,1
337,2
337,4
338,1
338,2
338,4
338,5
339,1
339,3
340,0
340,2
340,3
341,0
341,1
341,3
341,5
341,6
341,8
342,0
342,2
342,4
342,5
343,1
343,2
343,4
344,1
344,2
344,4
345,0
345,2
345,3
346,0
346,2
346,3
347,0
347,1
347,3
347,5
348,0
348,2
348,3
348,5
348,6
349,0
349,2
349,3
349,5
350,0
350,2
350,4
350,5
351,1
351,2
351,4
351,5
352,0
352,2
352,3
352,5
352,6
353,1
353,3
353,4
354,1
354,2
354,4
355,0
355,2
355,4
355,5
356,0
356,1
356,3
357,0
357,1
357,3
357,4
357,6
358,0
358,1
358,3
358,4
359,1
359,2
359,4
360,0
360,1
360,3
360,4
361,1
361,3
361,4
362,1
362,2
362,4
362,5
363,1
363,3
363,4
364,0
364,1
364,3
365,0
365,1
365,3
365,4
365,6
366,0
366,2
366,4
366,5
366,7
366,8
367,1
367,3
367,4
368,0
368,1
368,3
369,0
369,1
369,3
369,4
370,1
370,2
370,4
371,0
371,1
371,3
371,4
372,1
372,3
372,4
373,1
373,2
373,4
374,0
374,2
374,4
374,5
374,7
375,0
375,2
375,4
375,5
376,1
376,2
376,4
376,5
377,0
377,2
377,3
377,5
378,0
378,2
378,4
378,5
379,0
379,1
379,3
379,4
380,0
380,2
380,3
380,5
380,6
381,1
381,3
381,4
382,0
382,1
382,3
383,0
383,1
383,3
384,0
384,2
384,3
384,5
385,0
385,1
385,3
385,4
386,0
386,2
386,3
387,0
387,1
387,3
387,4
388,1
388,3
388,4
389,0
389,1
389,3
389,5
390,0
390,2
390,3
391,0
391,1
391,3
392,0
392,1
392,3
392,4
393,0
393,2
393,3
394,1
394,2
394,4
395,1
395,2
395,4
395,5
396,0
396,1
396,3
396,5
396,6
397,1
397,2
397,4
398,0
398,1
398,3
398,4
398,6
399,0
399,2
399,4
399,5
400,1
400,2
400,4
400,6
400,7
401,0
401,1
401,3
401,4
401,6
402,1
402,2
402,4
402,5
403,0
403,2
403,3
403,5
403,6
404,1
404,3
404,4
405,1
405,2
405,4
405,5
406,1
406,3
406,4
407,1
407,2
407,4
408,1
408,2
408,4
408,5
409,0
409,1
409,3
409,5
410,0
410,2
410,3
411,0
411,2
411,3
411,5
412,0
412,2
412,3
412,5
413,0
413,1
413,3
413,4
414,0
414,2
414,3
414,5
414,6
415,1
415,2
415,4
416,0
416,1
416,3
416,4
416,6
417,1
417,2
417,4
417,5
417,7
418,0
418,1
418,3
418,4
419,1
419,2
419,4
419,6
420,0
420,2
420,3
420,5
421,1
421,2
421,4
422,0
422,2
422,3
423,0
423,2
423,3
423,5
423,6
424,0
424,2
424,3
425,1
425,2
425,4
426,0
426,2
426,4
427,0
427,2
427,3
427,5
428,0
428,1
428,3
428,4
429,1
429,3
429,4
430,1
430,2
430,4
431,0
431,2
431,4
431,5
431,7
432,0
432,2
432,4
433,0
433,2
433,3
433,5
434,0
434,2
434,4
435,0
435,2
435,3
435,5
437,1
437,2
437,4
437,5
438,0
438,1
438,3
439,1
439,2
440,0
440,1
440,3
441,1
441,2
442,0
442,1
442,3
443,0
443,2
444,0
444,1
444,3
445,0
445,2
446,0
446,1
446,3
447,0
447,2
448,0
448,1
448,3
449,0
449,2
449,3
449,5
450,0
450,1
450,3
450,4
451,1
451,3
451,4
451,6
451,7
451,9
451,10
452,0
452,2
452,3
452,5
452,6
453,1
453,3
453,4
453,6
454,0
454,2
454,3
455,0
455,2
455,3
455,5
456,0
456,2
456,4
456,5
457,0
457,1
457,3
457,5
458,0
458,2
458,3
458,5
459,0
459,2
459,4
460,0
460,2
460,3
460,5
461,1
461,2
462,0
462,1
462,3
462,4
462,6
463,0
463,1
463,3
464,0
464,2
465,0
465,1
465,3
465,4
465,6
466,0
466,2
466,4
466,5
467,0
467,1
467,3
468,0
468,1
468,3
468,4
468,6
469,0
469,2
469,4
469,5
470,1
470,2
470,4
471,0
471,1
471,3
471,4
472,0
472,2
472,3
473,1
473,2
473,4
474,0
474,2
474,4
474,5
475,1
475,2
475,4
475,6
475,7
476,1
476,2
476,4
476,5
477,1
477,3
477,4
478,0
478,1
478,3
479,1
479,2
479,4
479,5
480,1
480,2
480,4
481,1
481,2
481,4
481,5
482,1
482,3
482,4
483,0
483,1
483,3
483,5
484,0
484,2
484,3
484,5
485,0
485,2
485,4
485,5
486,1
486,2
486,4
487,1
487,2
487,4
488,0
488,2
488,3
488,5
489,1
489,2
489,4
489,5
490,1
490,3
490,4
491,0
491,1
491,3
491,4
492,1
492,3
493,0
493,2
493,3
493,5
493,7
494,0
494,2
494,3
495,0
495,2
495,3
496,0
496,1
496,3
496,4
497,1
497,3
497,4
498,1
498,2
498,4
499,0
499,1
499,3
499,4
500,1
500,2
500,4
501,1
501,2
501,4
502,0
502,2
502,4
503,0
503,2
503,3
504,2
504,4
504,6
504,8
504,9
504,11
504,12
504,14
504,16
504,17
504,19
504,20
504,22
504,23
504,25
504,27
504,28
504,30
504,31
504,33
504,35
504,36
504,38
504,39
504,41
504,43
504,44
504,46
504,47
504,45
504,42
504,40
504,37
504,34
504,32
504,29
504,26
504,24
504,21
504,18
504,15
504,13
504,10
504,7
504,5
503,4
503,1
502,3
502,1
501,3
501,0
500,3
500,0
499,2
498,5
498,3
498,0
497,2
497,0
496,2
495,4
495,1
494,4
494,1
493,6
493,4
493,1
492,2
492,0
491,2
490,5
490,2
490,0
489,3
489,0
488,4
488,1
487,3
487,0
486,3
486,0
485,3
485,1
484,4
484,1
483,4
483,2
482,5
482,2
482,0
481,3
481,0
480,3
480,0
479,3
479,0
478,2
477,5
477,2
477,0
476,3
476,0
475,5
475,3
475,0
474,3
474,1
473,3
473,0
472,1
471,5
471,2
470,5
470,3
470,0
469,3
469,1
468,5
468,2
467,4
467,2
466,6
466,3
466,1
465,5
465,2
464,3
464,1
463,2
462,7
462,5
462,2
461,3
461,0
460,4
460,1
459,3
459,1
458,4
458,1
457,4
457,2
456,6
456,3
456,1
455,4
455,1
454,4
454,1
453,5
453,2
453,0
452,4
452,1
451,11
451,8
451,5
451,2
451,0
450,2
449,6
449,4
449,1
448,2
447,3
447,1
446,2
445,3
445,1
444,2
443,3
443,1
442,2
441,3
441,0
440,2
439,3
439,0
438,2
437,6
437,3
437,0
435,4
435,1
434,3
434,1
433,4
433,1
432,3
432,1
431,6
431,3
431,1
430,3
430,0
429,2
429,0
428,2
427,6
427,4
427,1
426,3
426,1
425,3
425,0
424,1
423,7
423,4
423,1
422,4
422,1
421,3
421,0
420,4
420,1
419,5
419,3
419,0
418,2
417,8
417,6
417,3
417,0
416,5
416,2
415,5
415,3
415,0
414,4
414,1
413,5
413,2
412,6
412,4
412,1
411,4
411,1
410,4
410,1
409,4
409,2
408,6
408,3
408,0
407,3
407,0
406,2
406,0
405,3
405,0
404,2
404,0
403,4
403,1
402,6
402,3
402,0
401,5
401,2
400,8
400,5
400,3
400,0
399,3
399,1
398,5
398,2
397,5
397,3
397,0
396,4
396,2
395,6
395,3
395,0
394,3
394,0
393,1
392,5
392,2
391,4
391,2
390,4
390,1
389,4
389,2
388,5
388,2
388,0
387,2
386,4
386,1
385,5
385,2
384,6
384,4
384,1
383,2
382,4
382,2
381,5
381,2
381,0
380,4
380,1
379,5
379,2
378,6
378,3
378,1
377,4
377,1
376,6
376,3
376,0
375,3
375,1
374,6
374,3
374,1
373,3
373,0
372,2
372,0
371,2
370,5
370,3
370,0
369,2
368,4
368,2
367,5
367,2
367,0
366,6
366,3
366,1
365,5
365,2
364,4
364,2
363,5
363,2
363,0
362,3
362,0
361,2
361,0
360,2
359,5
359,3
359,0
358,2
357,7
357,5
357,2
356,4
356,2
355,6
355,3
355,1
354,3
354,0
353,2
353,0
352,4
352,1
351,6
351,3
351,0
350,3
350,1
349,4
349,1
348,7
348,4
348,1
347,4
347,2
346,4
346,1
345,4
345,1
344,3
344,0
343,3
343,0
342,3
342,1
341,7
341,4
341,2
340,4
340,1
339,2
339,0
338,3
338,0
337,3
337,0
336,2
335,6
335,4
335,1
334,3
334,1
333,5
333,2
332,7
332,5
332,2
331,4
331,2
330,7
330,4
330,2
329,6
329,3
329,0
328,5
328,2
327,6
327,4
327,1
326,8
326,5
326,3
326,0
325,4
325,2
324,4
324,1
323,3
323,1
322,4
322,1
321,6
321,3
321,0
320,4
320,2
319,5
319,2
319,0
318,3
318,0
317,4
317,1
316,3
316,0
315,3
315,0
314,3
314,1
313,3
313,0
312,3
312,1
311,3
311,0
310,5
310,2
309,4
309,1
308,4
308,1
307,6
307,4
307,1
306,6
306,4
306,1
305,6
305,3
305,1
304,3
304,0
303,3
303,0
302,1
301,6
301,4
301,1
300,6
300,4
300,1
299,2
298,5
298,3
298,0
297,5
297,3
297,0
296,2
296,0
295,4
295,1
294,5
294,3
294,0
293,3
293,1
292,6
292,3
292,0
291,6
291,3
291,0
290,7
290,4
290,1
289,4
289,2
288,4
288,1
287,4
287,1
286,3
286,0
285,4
285,1
284,3
284,1
283,4
283,1
282,4
282,1
281,3
281,0
280,3
280,0
279,2
279,0
278,2
277,4
277,1
276,4
276,1
275,3
275,1
274,3
274,0
273,2
273,0
272,2
271,4
271,2
270,4
270,1
269,6
269,3
269,0
268,2
268,0
267,2
266,4
266,2
265,5
265,2
264,4
264,2
263,4
263,1
262,5
262,2
261,5
261,2
261,0
260,2
259,4
259,2
258,4
258,1
257,2
257,0
256,5
256,2
256,0
255,4
255,1
254,6
254,3
254,0
253,4
253,2
252,6
252,3
252,1
251,5
251,2
250,4
250,2
249,7
249,4
249,2
248,4
248,1
247,2
247,0
246,6
246,3
246,1
245,3
245,0
244,4
244,1
243,3
243,0
242,4
242,1
241,3
241,1
240,8
240,5
240,2
240,0
239,3
239,0
238,4
238,1
237,5
237,2
237,0
236,3
236,0
235,5
235,2
234,4
234,1
233,6
233,3
233,0
232,4
232,1
231,5
231,3
231,0
230,3
230,0
229,4
229,1
228,5
228,3
228,0
227,2
226,4
226,2
225,6
225,3
225,1
224,4
224,1
223,3
223,1
222,2
221,4
221,2
220,7
220,4
220,2
219,5
219,2
218,4
218,2
217,4
217,1
216,4
216,1
215,3
215,0
214,3
214,0
213,2
213,0
212,1
211,4
211,1
210,5
210,2
209,3
209,1
208,5
208,2
208,0
207,5
207,2
206,4
206,2
205,4
205,1
204,5
204,2
203,4
203,1
202,5
202,2
201,4
201,2
200,5
200,2
199,5
199,3
199,0
198,2
198,0
197,4
197,1
196,3
196,1
195,5
195,2
195,0
194,4
194,1
193,6
193,3
193,0
192,2
192,0
191,3
191,0
190,3
190,0
189,5
189,2
189,0
188,4
188,1
187,7
187,4
187,1
186,3
186,1
185,5
185,2
185,0
184,4
184,1
183,4
183,1
182,5
182,2
182,0
181,5
181,2
181,0
180,1
179,4
179,1
178,7
178,4
178,1
177,5
177,2
176,3
176,0
175,5
175,2
174,5
174,3
174,0
173,5
173,2
173,0
172,1
171,2
171,0
170,4
170,1
169,4
169,1
168,4
168,1
167,8
167,5
167,2
167,0
166,3
166,0
165,5
165,3
165,0
164,14
164,12
164,9
164,6
164,3
164,1
163,3
163,0
162,4
162,1
161,5
161,3
161,0
160,4
160,1
159,4
159,1
158,3
158,1
157,2
156,3
156,0
155,2
154,5
154,2
154,0
153,3
153,0
152,8
152,6
152,3
152,0
151,2
150,4
150,1
149,4
149,2
148,5
148,2
148,0
147,3
147,0
146,4
146,1
145,2
144,5
144,3
144,0
143,3
143,1
142,3
142,0
141,3
141,1
140,5
140,2
140,0
139,2
138,5
138,2
138,0
137,4
137,1
136,5
136,2
135,5
135,3
135,0
134,5
134,2
134,0
133,2
132,7
132,5
132,2
131,5
131,2
131,0
130,1
129,5
129,3
129,0
128,2
127,12
127,10
127,7
127,4
127,2
126,11
126,8
126,6
126,3
126,0
125,7
125,5
125,2
124,9
124,7
124,4
124,1
123,8
123,6
123,3
123,0
122,11
122,8
122,5
122,2
122,0
121,3
121,0
120,5
120,2
119,7
119,4
119,2
118,5
118,2
118,0
117,2
116,4
116,2
115,4
115,1
114,3
114,1
113,3
113,0
112,3
112,0
111,1
110,2
110,0
109,2
108,4
108,2
107,4
107,1
106,3
106,1
105,2
104,4
104,2
103,3
103,0
102,2
101,4
101,1
100,5
100,3
100,0
99,5
99,3
99,0
98,2
97,4
97,2
96,4
96,1
95,6
95,3
95,0
94,4
94,2
93,5
93,2
93,0
92,4
92,1
91,6
91,4
91,1
90,6
90,4
90,1
89,3
89,1
88,2
87,3
87,0
86,4
86,1
85,5
85,3
85,0
84,39
84,36
84,34
84,31
84,28
84,26
84,23
84,20
84,17
84,15
84,12
84,9
84,7
84,4
84,1
83,10
83,7
83,4
83,1
82,6
82,3
82,0
81,5
81,2
80,6
80,3
80,1
79,5
79,2
79,0
78,9
78,6
78,3
78,1
77,2
76,6
76,4
76,1
75,4
75,1
74,8
74,5
74,2
74,0
73,5
73,2
73,0
72,5
72,2
71,7
71,5
71,2
70,6
70,4
70,1
69,5
69,2
69,0
68,4
68,1
67,8
67,5
67,2
66,4
66,2
65,4
65,1
64,6
64,3
64,0
63,4
63,1
62,17
62,14
62,12
62,9
62,6
62,4
62,1
61,7
61,4
61,2
60,4
60,1
59,4
59,1
58,5
58,2
58,0
57,4
57,1
56,6
56,3
56,0
55,4
55,1
54,5
54,2
54,0
53,3
53,0
52,4
52,1
51,6
51,3
51,1
50,5
50,2
50,0
49,5
49,2
48,6
48,4
48,1
47,3
47,1
46,2
45,8
45,5
45,3
45,0
44,2
44,0
43,13
43,10
43,8
43,5
43,2
42,5
42,3
42,0
41,3
41,1
40,4
40,1
39,3
39,1
38,3
38,0
37,4
37,1
36,8
36,5
36,3
36,0
35,5
35,3
35,0
34,3
34,1
33,6
33,3
33,0
32,7
32,4
32,1
31,4
31,1
30,5
30,2
30,0
29,2
28,7
28,5
28,2
27,25
27,22
27,20
27,17
27,14
27,12
27,9
27,6
27,3
27,1
26,20
26,17
26,15
26,12
26,9
26,7
26,4
26,1
25,22
25,20
25,17
25,14
25,12
25,9
25,6
25,3
25,1
24,8
24,5
24,3
24,0
3,5
3,2
3,0
2,119
2,116
2,114
2,111
2,108
2,106
2,103
2,100
2,97
2,95
2,92
2,89
2,87
2,84
2,81
2,78
2,76
2,72
2,69
2,67
2,64
2,33
2,30
2,27
2,24
2,21
4,3
4,0
2,16
0,507
0,275
0,342
0,274
0,386
0,273
0,352
0,272
0,341
0,271
0,349
0,270
0,499
0,269
0,372
0,268
0,397
0,267
0,266
0,370
0,265
0,425
0,264
0,263
0,472
0,262
0,369
0,261
0,336
0,260
0,395
0,259
0,346
0,258
0,496
0,257
0,432
0,256
0,504
0,255
0,468
0,254
0,501
0,253
0,252
0,510
0,251
0,492
0,250
0,508
0,249
0,329
0,248
0,368
0,247
0,466
0,246
0,491
0,245
0,477
0,244
0,500
0,242
0,351
0,241
0,240
0,473
0,239
0,367
0,238
0,366
0,237
0,312
0,236
0,347
0,235
0,319
0,234
0,377
0,233
0,323
0,232
0,340
0,231
0,398
0,230
0,339
0,229
0,311
0,228
0,317
0,227
0,309
0,226
0,485
0,225
0,497
0,224
0,394
0,223
0,393
0,222
0,484
0,221
0,331
0,220
0,476
0,219
0,469
0,218
0,316
0,217
0,338
0,216
0,325
0,215
0,314
0,214
0,334
0,213
0,337
0,212
0,301
0,211
0,343
0,210
0,363
0,209
0,437
0,208
0,440
0,207
0,313
0,206
0,490
0,205
0,434
0,204
0,493
0,203
0,475
0,202
0,335
0,201
0,467
0,200
0,483
0,199
0,441
0,198
0,390
0,197
0,321
0,196
0,435
0,195
0,306
0,194
0,389
0,193
0,506
0,192
0,503
0,63
0,362
0,62
0,61
0,60
0,383
0,59
0,388
0,58
0,439
0,57
0,482
0,56
0,324
0,55
0,438
0,54
0,387
0,53
0,495
0,52
0,361
0,51
0,428
0,50
0,429
0,49
0,333
0,48
0,494
0,47
0,489
0,46
0,399
0,45
0,384
0,6
0,5
0,1
0,430
0,11
0,4
0,2
0,3
0,7
